-38536550 56211670 17384311 95186598 0
3255657 34170886 -44773299 93511162 1
54018530 -11132943 10976823 75700602 2
38389500 -11564611 -6015207 77495249 3
67798009 34937653 5297826 65898719 4
56204621 68701563 -4232339 97599268 5
34604137 85786937 -400793 89252624 6
62591921 52957614 17210661 66800085 7
58860274 38199801 11808008 53713483 8
49634755 38795065 34423407 51965574 9
-35797342 28429491 18393327 63656213 10
51480602 27637971 -33659607 81238932 11
27390815 42651703 64036567 63191269 12
26035951 61955616 73082475 90186432 13
12919686 60073776 5380230 59597042 14
58705962 56226219 -8491441 91884332 15
59320441 38020436 1922491 63879154 16
41243230 46392591 2044393 54052148 17
56901071 54602237 17493963 62470079 18
50502806 54835165 18430372 55368538 19
81312404 21836105 13463470 67538767 20
97925188 31185527 10938377 86633331 21
59868646 33321101 1702179 59948355 22
41269721 45300023 -3960084 58990814 23
63171893 32026525 40760673 65071280 24
30607219 79113497 7116566 71065106 25
49292477 44143733 -4539376 66436327 26
39360886 11606068 -6876500 56157481 27
64155949 55283613 15842077 72058215 28
49901089 27567897 -4542279 50472002 29
70097615 34184829 -3197347 75940630 30
41684339 48518869 31369019 50684660 31
4740466 34887211 -3516158 51485560 32
85881081 39062207 15545945 77858361 33
74023653 50239790 12603543 80120638 34
72531760 12541496 47145028 89312674 35
50333278 61560351 45826030 86831968 36
17832604 53828995 -9248078 63067140 38
44940560 49156673 8284425 54273615 39
105662517 32494975 10803265 95814975 40
34435376 27881033 -3558037 50115498 41
50605782 17379679 2073858 52678408 42
63820991 46013378 17811530 60483570 43
-10328824 -12643508 7503473 86356723 44
64065260 52899791 5952711 79473047 45
-4222289 4451568 12568336 58090575 46
29075783 35470842 -46374724 79382072 47
31732748 69846031 13876733 56162861 48
26812896 35960 -2131077 50434122 49
72613343 2361930 6258791 85518535 50
86884050 29163838 244974 84263625 51
-20775548 42048152 22090699 63388702 52
37488548 75385816 9129486 72205642 53
73054734 30256275 14494132 57277643 54
76744553 40844944 13706194 72344033 55
82233605 23669542 15308364 64781730 56
34318332 79531050 -10698506 93008700 57
67458384 69260912 13946769 91233311 58
101480654 40154661 17630804 92465261 59
104733457 29870638 15416936 87647868 60
72119285 2745018 -802059 91702276 61
30847209 48031717 -19755123 67095202 62
59184179 49435654 11118751 65961852 63
47494624 44271613 -7227305 67454827 64
70507397 24734581 62450097 90400358 65
31396162 65866082 15964523 49758584 66
98176174 30245009 18478342 78403585 67
32914182 -19015598 -22879835 96335527 68
45113824 25228984 -16185256 57596112 69
-5398172 42353724 11953612 53620948 71
27628561 32701110 12045644 52098050 72
106249792 31631991 8921629 97421373 73
64128477 52455508 9090312 75954548 74
52929109 76209680 5364381 92235162 75
58633732 48376201 10079123 65391658 76
106561844 30739533 14152753 91609579 77
-2070422 37483495 517731 56858865 78
49293216 42426151 -5030313 65210452 79
47712354 52791305 7665446 61298966 80
59168971 47880808 50347556 86509930 81
47741709 19690233 -13432328 63010003 82
112803090 28630641 12698812 97195669 83
62105264 27698037 4941375 53322966 84
-9872881 78300754 29359106 96006838 85
46988467 -22670844 35964571 87801467 86
6372845 29058016 -39197465 79705275 89
98689010 34487317 20746136 83034810 90
41098590 30650671 12816899 99356030 91
65218127 22916743 39540413 64019186 92
-12286563 57100957 2264499 84945655 93
53209033 -10828408 12843753 72719635 94
66763799 -11674583 15333435 84631081 95
83013070 30418232 -3544216 85436509 96
10770309 62558113 60394553 90656617 97
-57685247 34098256 11875613 97730611 98
73363704 47303953 17267196 71861442 99
-4387536 51580416 -4043046 77833955 100
-21525959 14330017 18566645 59517255 101
14193757 37171864 -45841218 86641967 102
3435457 75340111 18650905 71076385 103
38359877 78110790 24034242 69617070 104
70936018 34148123 12811932 60732932 105
54504295 60518116 -15130777 98613948 106
-14709068 41674695 45273072 80131010 107
73465872 47371576 7615692 81682541 108
30192820 -21769806 13156686 60332056 109
62853688 12235742 34519867 67315231 110
9111151 52001595 -5779857 66492949 111
65607315 30485400 -5252095 69805543 112
83725342 16260292 9496394 79494570 113
44725605 30695986 -20453636 64335944 114
87988071 32682087 17571463 71559415 115
54229605 40422679 -10107595 73220609 116
65419723 19568083 9845315 57532263 117
51294159 29588196 -3772518 53115591 118
40349825 48235486 1103914 55942379 119
42342925 11225542 -33530812 86174140 120
14625484 39681055 -29057759 71936006 121
58618529 80857404 16721101 91215663 122
46770331 50685447 -15586496 81503004 123
-1189175 34459425 -29543334 83014602 124
61680709 19479800 -2964030 66691019 125
55962329 45045090 8937550 60530639 126
-16671785 5538803 15297291 66723532 127
18571671 37997279 -49867688 87115937 129
84528976 43820024 4477601 92332316 130
49194457 20221782 -20028818 70527801 131
51132244 20551649 -10316597 62423202 133
75218488 41422733 8618264 76483858 134
29269459 84597410 12699225 69628439 135
114501934 27814028 12822247 97954516 136
53785903 33790615 -23111967 79149259 137
41390328 68138494 25676038 64317146 138
32422875 68252204 17639817 51496125 139
107100313 30793513 11105455 95249095 140
39677987 793685 10255618 50154600 141
26801627 23675104 28117291 98407081 142
43773872 52873039 -23974523 89082143 143
43627902 30646324 -27459877 70194865 144
-29641790 29356129 34491565 71963573 145
69852835 45377081 18028306 65662322 146
-52062186 28458011 14102946 84239885 147
69871142 28823516 143463 67011916 148
-30444221 31716898 47749082 88384300 149
79013692 44694196 22523350 75343454 150
73965659 16842100 17892197 60757618 151
97780507 20280900 21987991 81664964 152
47741008 48195349 -212197 64609371 153
51413541 55676548 -4538555 80089352 154
17888735 19361380 -49109152 82746999 155
58917295 37595369 14690581 50282799 156
51787793 45643137 15904354 49987524 157
30993313 73815125 16825977 56443170 158
49903764 28637560 -25336184 72338256 159
32338813 32130998 25921974 89227437 160
31543763 85368278 30417707 76442115 161
68714186 18588991 -9749716 81400954 162
47554823 72567155 12704171 75878525 163
82927373 28252077 -11543084 91183274 164
53440616 81540422 14796705 88645253 165
85402754 32729557 15929044 70664287 167
18137038 44056578 -6735021 50477222 168
57262674 35429612 -24861073 86014081 169
27997028 67403775 55147658 79660624 170
-46317700 33256424 7003553 90393336 171
44820390 67298798 43095609 84327269 173
641347 54353806 5343598 66191640 174
43617029 7282792 35883838 54395463 175
37802469 97657117 7321087 96599238 176
29959472 70880467 13169066 56131625 177
69351400 30317810 17816691 50313265 178
71765926 58595996 17862135 80960581 179
63061032 -25898187 27947173 99083766 180
72966084 66658276 13453155 94632094 181
46791049 29706697 17140468 71213474 182
-30032605 31972113 15878289 63949124 183
81601348 57811887 17884790 89989170 184
37056880 32495048 71176230 69840324 185
85044002 28395900 18126760 63773853 186
83441686 9437736 15330077 80199799 187
57589147 22876497 48724577 65614713 188
47830344 57005539 -2226597 75523187 189
12968376 42357947 -3756518 50969072 190
-7768083 28858140 1033356 53415516 191
29460697 70775140 2093783 66602794 192
81953237 14519737 -1727299 90686814 194
103212865 30135178 16271240 85537610 195
33568761 -4181557 -38672117 97948582 196
68318315 33278724 -1926587 71984866 197
79793601 40251598 17111128 71394792 198
7174963 12193421 -17651269 69170925 199
-19024412 33896972 17879795 52864224 200
59656403 33743222 -3398157 65258519 201
-19174237 4067324 11798284 74196471 202
64035238 19094907 10027738 56438524 203
33281054 61160111 66839504 90393202 204
44229140 68929740 14815756 66803991 205
34784253 52042111 -2146085 57433159 206
61286979 6205378 13749583 62857960 207
-9276370 50127269 16033731 61192558 208
37501404 41220974 -4291409 51474500 209
113530946 23984627 18162116 92910151 210
-14536651 31633680 25374601 50019282 211
55608366 1888013 27328066 63225839 212
66101650 35060966 38366198 68640989 213
65087020 47951609 -941446 82440797 215
60604544 8865641 18486559 54778256 216
62139454 35327529 -18363959 84291825 217
89873188 31915326 40446044 91346756 218
34524703 51339425 -26813457 81138383 219
64693139 33951173 -1745525 68850559 220
67791814 28949569 8751516 56450831 221
51986881 30570103 -23598979 74616671 222
80580642 31414566 15774061 64681907 223
43872178 54954332 -1510187 68797406 224
95694058 28703470 10912751 81945501 225
-29024876 29257388 28510466 65266839 226
74350765 45579103 6960836 81429750 227
65010104 30759275 35916022 60797801 228
16090010 596527 -24526441 78727885 229
53464251 58065224 8708190 71281994 230
45664607 -42208616 12758372 96640767 231
68469065 55897594 -168713 92996254 232
90778233 41927728 10879277 90287401 233
96583497 28994285 17383735 76654754 234
99333021 29896928 17068693 80622234 235
72426315 73306713 22242829 97088160 236
69106328 35378359 -6634104 79579503 237
91193938 35789837 14011189 81433382 238
77664808 32595506 4428765 74292441 239
43455235 -7140153 30952784 63725642 240
49368523 60858740 17933209 60754884 241
64927529 53602181 7035780 79954706 242
39704324 27698339 25391019 98386749 243
59071702 59518809 8690959 78360357 244
48459957 53834379 -12382426 83137491 245
42811996 30898284 -41617297 83788294 246
33136540 6790675 62635248 71158520 247
48732720 -153411 -16610532 87023078 248
15559854 56847613 70885915 90647796 249
40658189 38838712 61188724 69797800 250
48698348 37491789 4886246 49764694 251
70679103 49564759 13508885 75196358 252
48013411 -19538783 11460398 77617878 253
84725765 9992834 6506136 89752711 254
94343239 12418495 26979248 91081428 255
66575732 45672531 24550147 65910726 256
65955482 24253032 -5755179 68983542 257
29337634 62914726 -20039679 80752765 258
54565517 30514180 48005978 62197900 259
63998207 17451779 -3600606 71673306 260
72234620 14576971 13609462 65574135 261
54474572 41850425 12172076 52613653 262
58076785 45374568 12643623 59268680 263
35835760 33887210 -18349260 56533123 264
65110242 27979027 6620582 54929516 265
-20321207 39210492 7151692 70202650 266
36821616 -17419384 7374714 68392414 267
37356396 41282877 13965972 49745473 268
57861338 82343960 29793403 99110946 269
29551651 38360479 -62479383 98852475 270
70486777 16888581 -9532327 84656470 271
45252246 61678025 27979788 64022223 272
47610920 53605789 15793138 53884300 273
40723327 -34062807 10858187 85454071 274
61680014 45683546 17285636 58538687 275
-5907838 -6375423 6316690 76854706 276
77421318 40720299 1666169 84936160 277
-3882284 83636868 29997385 95990670 278
3906148 36659571 40905491 52133096 279
86674533 37979799 11532232 81582855 280
-37639202 35248534 1512040 89198441 281
22666820 76619373 4678246 67096965 282
58858112 33661496 2163718 58816611 283
32637474 55586449 3005069 53679682 284
26296355 69671065 -33469527 97897823 285
56191149 60012714 972292 83692399 286
-16165950 43123508 15682034 61430062 287
50748917 47184150 -13915321 80309116 288
102621077 30965303 16720920 85326306 289
17561345 69982851 16319235 53925569 290
-2659512 52076058 44964796 78174975 291
76854451 40062416 13819381 71558268 292
78108750 12580223 -11128237 98182684 293
53527809 14437358 44594213 65862045 294
34572016 76213046 -11753799 90999611 295
85944562 43148913 20953408 79159048 296
72485909 3178213 16634308 74199338 297
1485620 15530765 62751407 77274774 298
57493966 35356567 -29549152 90860701 299
73132410 28074936 18399035 51269046 300
28403837 39833908 435307 75337269 301
32265308 112411626 15246589 97891060 302
33503883 12346331 -16771481 59454945 303
80880140 34934419 10612359 73662996 304
62566883 36562826 5162943 62427941 305
76674030 28666027 -10864325 84665092 306
69419468 29640722 24909551 53081915 307
60316400 43574924 11307792 61044545 308
4778211 35843093 -8165500 57053165 309
47425681 -19951010 25498259 75052618 310
71662764 66684113 9560134 97247452 311
29565688 77180309 51138720 86996931 312
66114338 19059151 17191419 51389720 313
28773567 38210317 -22852988 58297700 314
61792907 32705521 -6603723 69562870 315
75065854 33006338 14365244 62167657 317
42180555 47047691 2531392 55157629 318
62481773 29278069 -22273392 82493950 319
95958332 28998763 17116154 76301711 320
30792797 87534713 31554576 78994282 321
41278722 32913123 -19576380 62228946 322
56134149 39850098 12614023 51831007 323
40542340 37813934 -11698610 58515825 324
22547077 54568454 17952242 64804878 325
31978477 5379153 -5212714 53338457 326
72941046 61133145 13840884 88694089 327
41996893 34305375 16792861 98812222 328
44099797 89383089 12411323 89532340 329
17138621 35294493 -28281522 64260067 330
-16229911 32069309 12830178 53291770 331
84061697 29629963 8363807 73788692 332
36699195 29705882 -21089789 55955912 333
-3043178 81901626 17176620 85590841 334
-37281932 60727765 20764618 97248615 335
-48495408 37256414 24365679 88591719 336
78886075 42620062 -685597 90652465 337
58078727 55054773 16797062 64797256 338
25864074 35530608 13214208 76296787 339
-22214405 8005928 6733621 78362954 340
113071 33542720 -13185726 64438009 341
76841007 12266044 9451643 76649234 342
44733494 34600720 41964325 50411193 343
62139851 50030686 -10315672 90947178 344
50748918 34207389 3010447 50406647 345
-18651456 28492415 36039942 61658241 346
38708091 78551432 34760250 81132119 347
-1593391 45825672 10219584 55022216 348
35144129 21563312 -47340631 82447451 349
56107814 -647806 11925610 66356420 350
66350843 43104595 12599590 65316859 351
47342989 33252332 -9631009 58687420 352
-7480562 77482958 17553587 85232709 353
53581819 47302936 1065853 68279645 354
71859589 56061467 31255076 88288379 355
29242397 64283023 7176058 54810195 356
50954198 39989238 -3810078 63214275 357
56728817 58535345 7424053 76300861 358
63309488 61275280 18666753 74378726 359
78747344 38347226 -10832189 96387470 361
25936145 91843438 49684118 96576094 362
38308736 50601563 -9122275 66493297 363
28227636 65911647 -767178 63367170 364
-9885026 10776717 12915158 57081070 365
45121509 54928991 13838057 54673151 366
85756490 43989049 16305090 81901161 367
42182146 75988699 13981622 72649964 368
62959197 28915340 -24831930 85167238 369
49745320 739460 -9206673 79738451 370
-9416477 40222016 40268330 68380915 371
32445409 4924086 -12120346 61167644 372
-22086976 45653987 5342527 80221071 373
-898188 32113275 -7742525 58576701 374
22834771 62869027 67802578 86311144 375
34343281 19733207 -32626389 68762517 376
67056188 29222040 11253267 53485695 377
55938114 52249829 17005656 59643013 378
16947910 82348591 -7585703 90809174 379
8166888 30919523 78391304 79618222 380
63867595 52073632 6052798 78349135 381
8949085 83190944 4456874 87607631 382
30401812 101191521 11803836 88250655 383
26832373 84233554 6576923 72949726 384
71167301 31857043 45932034 78068572 385
32963746 34282314 -20825852 56532642 386
32795491 16868597 68179784 66284066 387
-57549692 39118586 17814261 96676656 388
20903803 -29203571 39498178 79337246 389
44190172 44278497 -6793466 63722992 390
1977643 43889103 -3160895 62894993 391
30079381 -29844600 -9022924 90473094 392
44321526 37874016 -20287309 70943689 393
5278237 28106261 -11498532 52149301 394
-15895430 36391705 -619610 70729379 395
49139948 47661393 -10021280 75283473 396
37240089 30222793 -21813398 57736986 397
43709651 -11625604 3991040 72870187 398
105092289 28931126 3230136 99254107 399
34970462 35901826 -23978847 63311879 400
45375650 28179302 -14334661 56350417 401
44875398 28981441 -54957007 97274642 402
47565168 53063087 17732652 51356339 403
69624405 33099983 51578436 83414987 404
38338164 77217980 28105492 72774049 405
35821661 30861154 -24689420 59833152 406
80884052 55763197 16276601 88831471 407
78918493 46077158 5206970 88249743 408
83721030 45809536 11205573 86786195 410
26415555 70433060 -12457926 77767339 411
56434440 54298996 52936056 92781661 412
34829013 13816702 7662766 83396321 413
32984447 33612563 4774780 61804212 414
58280302 73683175 18575559 81848636 415
-2795496 74485810 2450657 92653288 416
41433142 62444208 1644167 70693913 417
56309811 -20937682 5596087 93177402 418
64539980 10053883 18002089 58009990 419
78972931 32833484 4333668 75933582 420
46286738 50794146 66843925 93036993 421
87319012 10795657 13186313 84863053 422
62970942 74959538 17738958 88652343 423
35196896 47140149 -11065281 61863034 424
3091231 -19379795 5325294 81851138 425
-20882388 29166760 32688499 61211745 426
110508444 33222475 13060627 99131418 427
109806927 25007067 13390764 92935019 428
49930665 62851935 12340363 68902949 429
36653880 44048193 -6810571 55973365 430
45960358 49703469 12510984 51613880 431
45690546 54819478 40432901 70055133 432
45087693 65888184 40516905 80605000 433
75281926 34692667 5993462 72441933 434
32085548 59245883 30318947 50762553 435
3587266 45876272 -17757190 77869017 436
56378686 86940064 22375314 94806269 437
7685553 21865919 4310336 61595046 438
111847631 31622811 22032477 94615376 439
54242013 30736445 -3485361 56924601 440
69014374 29277443 16980504 49772221 441
18007541 52341667 54792445 67600661 442
28776388 40140362 -13096922 50474402 443
-34456655 31505805 4004519 79780637 444
29720002 88651959 5743717 81089039 445
54391162 47689113 -24127657 94668715 446
81420124 27684187 9097850 68467312 447
51424006 40559450 6157678 54286650 448
40765717 62280703 -21381679 92888934 449
-29256067 40273629 3143514 84208840 450
67134000 38162195 13151155 60605800 451
13512463 56553764 5502072 55361904 452
91650647 35869151 12166295 83814212 453
44881802 44938112 55094633 74026725 454
-26048537 32038443 25978545 62539616 455
28986750 41190213 12313271 59979635 456
32241298 23273845 7337832 67035951 457
68939070 42710956 1373939 78736853 458
36283689 -26756310 -5621781 90187848 459
79726123 16581191 32473010 77795452 460
42867224 99995509 17932077 93391645 461
47445596 64394650 15592683 64708367 462
50781982 53730013 5262635 67710097 463
66459294 17859264 18067700 52058289 464
55826185 49057289 -4523784 77867991 465
37381566 63080658 -4213471 73136436 466
-29723221 45145969 26239678 79583109 467
29391916 30820963 15635309 76326884 468
58699946 40192121 13305095 54047715 469
33646558 66917398 -10951725 79976634 470
31341460 -15276099 -10808851 78952379 471
34839280 47646028 -5175182 56121239 472
32388914 62307025 -20872255 84028932 473
45487440 48562746 -21323715 83834630 474
32502285 64712634 -29376045 95052153 475
-8447635 47674932 -18632089 92577301 476
48102422 27554820 24410747 79574659 477
70054037 29489641 16458224 51546214 478
-100273 44176418 71427717 94178607 479
29738736 66686977 -24357388 89244179 480
74502764 49694914 -2959479 95617880 481
35071481 -15061639 8627461 63031584 482
99010390 16120865 8932908 95483075 483
89216418 28352643 9161018 76868764 484
75905275 30268040 -10834058 85468479 485
39505802 95663937 6478784 97151732 486
3442758 45893439 152542 60120813 487
52583159 61231592 17774162 64501681 489
81756083 30209710 18003681 62423098 490
-20195956 22543691 9895164 58645031 491
56014275 -7161158 -10285331 94986993 492
32824230 2005511 -18639217 70983968 493
75280515 33664321 59458468 97515547 494
35722691 49352240 -1561580 55097307 495
47769885 35337890 -25760965 77329500 496
63211703 50161712 -4502685 86337251 497
51399815 60448597 26575322 67536198 498
40445307 76768027 10325735 75348803 499
101816971 29146693 32602145 92678349 500
56033361 -7458252 12612560 72404979 501
-7356498 40273060 1996488 63455829 502
-19151761 37645632 5056232 69563811 503
59126873 47535933 16257085 58866439 504
47021470 53898368 59418451 89450940 505
83725445 30249692 -12950359 95386215 506
-33199273 40964220 24623230 77260869 507
84949909 31130794 15197484 69343948 508
40864154 61700364 28949585 60626335 509
3182363 55301369 14723894 55217850 510
26600478 70576870 -2270829 67909037 511
-37613582 29448249 16362506 68522203 512
34598926 56624130 -33561336 93245125 513
60992260 42884922 6430348 65907677 514
59837168 11338964 12521191 57503090 515
57760760 85682042 23120903 95675929 516
62250777 34734346 7867595 57578487 517
50458093 -7538423 41559478 81733434 518
44773983 46709230 31662198 52257575 519
46081932 67306599 10376827 71472423 520
52510074 71532598 -1598152 94101545 521
95992990 46004526 15771952 94686278 522
71329326 42399110 -10967395 93156547 523
46243452 1747474 7499393 58522846 524
97399888 50248864 18041823 98067703 525
64063464 35980296 17702570 50802119 526
92787504 33905647 -2317937 97471864 527
102970934 28052864 8038833 91445695 528
55218960 64339446 12987378 75031734 529
85813777 30003180 16586828 67691210 530
44469601 29420900 51704751 54707425 531
43110819 44733636 36941566 53898195 532
-23512576 24615068 14022577 55762916 533
29929276 -34002625 -3298186 88756090 534
18005601 60913809 -22653377 83384243 535
42159449 45905147 -7145252 63670701 536
-26566390 -7172448 18373718 86253237 537
48987660 77501873 5997464 88952918 538
61043344 52854599 219661 82139011 539
99020085 31232205 1724252 96988821 540
44226235 73549764 5127689 81109123 541
33773668 28395694 15142659 98114482 542
39780664 51595152 44256347 64744332 543
106428581 27893217 8569412 94213235 544
60051978 36371295 -3977262 68861467 545
5647084 49495322 -6341564 68012946 546
55750576 27527379 39101711 51491832 547
80694844 44751918 -1668365 95575963 548
89818119 31060027 21182154 71172623 549
45868415 36070862 -12656729 63056847 550
68450375 14655982 -22236958 97557285 551
84460523 34719422 -6207385 93848150 552
44146924 72068264 -10010574 94686903 553
35429484 62342275 -2060927 68293422 554
-39058617 29506009 -2644471 89031753 555
1118598 43504035 5659988 54548120 556
16754435 77835334 57354845 96909990 557
67272519 48167694 6943995 76956979 558
60084899 1353511 -647198 80904560 559
63324308 32312333 244603 63852817 560
38059785 76150186 24618052 67940186 561
-24454012 37606185 14275362 65607469 562
39780936 33880930 14237683 77309495 563
11768024 -3046245 9299787 52866293 564
-44723265 34421543 13640628 83326816 565
58692089 34127622 -3649476 64929895 566
106397767 30590876 17135399 88314337 567
26418860 39154017 3320505 68049417 568
46389664 -24759748 -6284623 98959951 569
53839892 48447058 13462700 57285017 570
52619830 30363151 -44496005 95939744 571
43922465 34006352 22379460 77204483 572
38117108 50521246 -31641896 88741084 573
20283563 51228684 -23521484 72289242 574
29148417 59104661 -770900 57484701 575
47739758 58990724 4987890 70203302 577
103423085 40226252 12768953 99341566 578
91384803 28518887 4379720 83984777 579
33649002 45190852 72448955 80400973 580
53701944 58791368 50116730 91722269 581
48016130 42507111 2905376 56078715 582
77059592 16796845 18325122 63463595 583
-23054539 31775375 16828179 55824369 584
-47553323 32885785 20671755 79584952 585
39596518 69040195 22491895 60240826 586
31006029 45453581 -41709910 86630237 587
59914810 36498306 48779333 74304616 588
38263303 85343159 3667656 88399526 589
85860842 55249634 17456910 92114307 590
70908050 32610674 16987905 54991737 591
5723595 10154336 -10382187 65392220 592
31243239 75558210 1729833 73532503 593
74843298 31432901 30622194 66010641 594
91293010 36074994 342374 95486549 595
44836182 23395084 -12233023 55200056 596
34855568 49753466 -5826712 58896539 597
37811227 28453881 -43106581 77832684 598
-21239324 57885226 7131463 89815896 599
45669637 64502940 32506608 71791513 600
28823143 31888835 15560874 52235430 602
102630224 34159862 14787698 90463237 603
35324425 36451331 -14534144 54770623 604
56232496 46342026 7418000 63617260 605
45600513 58091552 -10865715 83018565 606
32239582 72141845 -1224336 74066551 607
6726414 38658672 -13826631 63581593 608
62075311 50981915 16194278 65323666 609
27377358 23861679 29457145 92013311 610
74893567 32996957 -3848513 80199750 611
-48985746 28755156 6466328 89097258 612
-42101084 34968276 3702519 91189476 613
52327046 47044482 -15737367 83569660 614
41430577 32273674 -25901229 68066340 615
56122076 34383070 -26733321 85699184 616
-38283591 34536115 27850181 79144595 617
10930855 30472456 -60189692 97554082 618
22909959 81089333 1413922 74588178 619
54554950 -28472430 17450417 87102909 620
65040562 56419466 37261824 87834019 621
70061746 52337172 14508649 76351004 622
-7839725 29456803 43476673 59247306 623
75050846 34560874 13816408 64256186 624
50593629 41578938 9011405 51621869 625
78471893 25521502 12701616 61774884 626
56779862 49556536 890978 73906369 627
84196140 11053851 -1416942 96085653 628
75318663 39219897 4249534 78749732 629
27358146 36983092 16826788 86287299 630
44667578 19248164 17238844 69532030 631
63340866 50432743 1859036 80375520 632
94934605 30951942 17052606 77294662 633
49438170 -21529347 8620155 83873455 634
56493561 55886162 5907962 74932703 635
26697200 40030899 90280209 86120701 636
79009637 44237206 9135184 82572484 637
66347978 51051180 38135288 84646677 638
42911158 88956766 16766262 83562449 639
95143007 33801401 7727765 89677357 640
90729823 33500046 18488133 74202470 641
41023854 36418829 11494612 61205547 643
99472884 33135478 3202759 97866319 644
56798687 10104914 941657 67278066 645
28928572 68263128 11721595 53931144 646
-3253632 6101940 16652444 51387201 647
-5955911 8458049 12329080 56056625 648
76288326 24286915 -926091 74453415 649
-9196365 40829517 706171 67142393 650
71945273 7786113 -5765199 91450319 651
-33016698 34598814 14873180 70565008 652
17755124 29063416 22940780 52880900 653
-5616695 37647963 47096396 68835231 654
40034839 35793435 -7983482 52272635 655
34822054 44668786 14906743 89682789 656
31217046 62049340 -32037382 93764475 657
87528201 40062925 -3295444 99347382 658
-27747599 39529180 46608364 92359480 659
36252417 51540764 -2285241 58539176 660
78614864 15543379 5436 84592102 661
65749810 2950924 601705 83723382 662
83995527 40011804 22915826 76035785 663
64977058 44080651 48689956 86859974 664
51765707 52532936 18653194 54106374 665
-29304418 35391848 1469891 81049039 666
61655623 43026313 6260444 66882220 667
-41382453 49627207 11178328 97654153 668
97380741 29695787 7157363 88379965 669
61328647 11471249 169205 71214312 670
33775013 62316315 11633132 52918913 671
20170964 -11020948 47507080 69896462 672
36826850 78063022 -2957163 86307847 673
51289833 -10273518 17434196 65655147 674
28921633 65579874 9319884 53642861 675
78574480 50035059 10653967 86416616 676
105112247 31992469 14657467 90907991 677
59440120 23747904 5862767 51355365 678
-33458037 32498649 11375246 72404074 679
36892081 29003511 39662594 88077561 680
82138063 28433081 24956751 64640094 681
59802421 27547511 1872766 53937877 682
99031160 25417551 13947356 81192180 683
59022624 30292547 -103617 57879708 684
115930648 29291651 15851898 97831131 685
48977490 8182427 -13040072 75361064 686
65688321 34226015 5631591 62743485 687
94463286 29660487 15769868 76814631 688
28848859 111138539 18574176 89874252 689
57768606 52248511 21306716 60436126 690
-4812874 34919928 6760359 50795135 691
84946954 43461988 15577793 81291885 693
80996783 28841850 17409604 60889964 694
44688281 57445559 10048360 60546374 695
90882870 29234314 16440067 72137828 696
111746117 31422548 22021127 94301952 697
59899238 59668155 1793064 86235052 698
60078194 15131025 -3965080 70438249 699
14602229 20232463 -34173356 70226817 700
-12290414 49975274 39827600 80567534 701
91313568 33046091 -2290428 95110793 702
32138653 24272943 5336509 58528199 703
26260961 46338311 -10490740 51550975 704
31120246 -1537025 -10407160 64590445 705
33588223 73202049 43742744 79645226 706
55530037 53579367 -12223317 89793463 707
82731168 39813195 12583714 78421514 708
102221781 28893414 17940788 81635170 709
90482438 42349936 10876752 90416816 710
70670154 425201 36575882 88998293 711
81789504 22218924 -1821145 82917688 712
66111785 -12469302 34245084 95003538 713
35963159 22134585 81734633 77740933 714
51085466 49722481 2170452 67098201 715
87800204 30129353 28934828 75976674 716
59734549 18753969 12432817 50073907 717
34477904 51223445 -27599289 81761405 718
99004306 28972123 16071982 80365274 719
-45974436 17708721 9708043 89445627 720
4596654 41093042 -6298704 60617727 721
27962685 30653055 8523028 87920340 722
61379480 13297434 -12888329 82496341 723
-8646477 52216546 -19992804 98678874 724
58446043 33633234 7078801 53461191 725
-28167913 20465702 -14265475 92855592 726
60740063 44411019 10350175 63261714 727
31778102 -3740219 -19332523 76376826 728
-37484781 31918895 796506 86430019 729
-19279185 25525990 -33419479 98060869 730
-43259478 29386095 -6145271 96613479 731
71400139 5389456 12367557 75169120 732
107599003 35585260 17881054 93763946 733
86763613 35362923 18628898 71958402 734
29229260 57629759 -11740982 67060780 735
31692554 54936869 -20920363 76010494 736
-9699552 24915290 -17474777 73146882 737
63704830 34276679 226100 66216174 738
34802614 35773453 -13299219 52336220 739
84977174 23542691 11814784 71145930 740
25979333 27593099 5563846 95923308 741
22349121 77739393 -9571045 82784033 742
65808547 32485453 27097008 54503285 743
39655476 13402072 49757991 58188763 744
-44724544 30670023 18214622 75002622 745
66614749 21966451 35285114 62110778 746
-3353198 32983494 -16210719 70370449 747
-9914822 55596432 -1938137 85272165 748
61105090 24071537 -27782085 86341580 749
40508717 68361904 29836996 67819802 750
84199574 15609160 22691306 73459146 751
46985414 25280616 -12693553 55924305 752
10653231 -11548859 62530560 94965721 753
32684721 42413538 -45950122 89509517 754
59322898 37084182 4133857 60733934 755
56805027 49456290 -4058488 78780521 756
68529344 -13808161 10567875 93295690 757
86872286 16933175 9541186 81924073 758
79234994 47119327 14793796 80021272 759
96800182 38767218 24716574 89396528 760
73248636 16291456 24201977 63336525 761
83036592 41134230 16698852 75932998 762
26450729 31191605 10743551 87674352 763
51831651 53556056 59734024 94234038 764
-35437210 18662475 7713733 79948845 765
58950372 55123254 -13618051 96152390 766
104842422 29168761 29478384 92601977 767
1276053 32714330 -2976799 52237716 768
7439490 -21629968 -1783173 86861496 769
15558302 51875425 72061004 86852555 770
93276304 32407793 3610360 90534655 771
49950730 79741172 30293126 89097284 772
34724505 -23526417 -2477304 82254438 773
66769976 58436124 22121897 76440160 774
46174793 47974056 28088872 51350217 775
40863688 43363343 -3582008 56269756 776
10753414 20977078 -11825467 50982934 777
-11433166 28479061 -19227603 76962607 778
-27971817 30227594 18353678 57668703 779
44036670 71300974 43289715 87739759 780
67816736 2849025 -7657186 94150839 781
49080000 67453620 3087579 81907002 782
106404407 28105129 18585975 84384331 783
14982514 25531667 -5743928 96301129 784
42108412 76230278 36583590 84034506 785
-51932355 35957294 17975858 87736646 786
7430402 81014404 -5750010 97156716 787
2588066 32119794 -18200519 65554883 788
44508561 29023998 -22744840 64738342 789
-2337633 3470305 4192055 65563191 790
74183024 35599618 13011583 65231787 791
58940933 41338998 -4742655 73483426 792
27445491 33467103 12856470 50550651 793
52581047 44029722 -27869100 92940575 794
63976376 35157400 -10587932 78182740 795
65643489 35105964 -4166525 73376756 796
72137592 33400369 33939681 68589857 797
55118207 30735403 631266 53683173 798
100672057 20702894 8111565 93383512 799
43841787 55474585 -942307 68719512 800
-2515992 35213982 2962627 52590001 801
52078530 33089567 55919260 70199572 802
56398721 46781274 14156704 57484001 803
-8663947 40448867 11015203 55920309 804
-9876277 49447709 -14760240 91907112 805
79741129 35130860 16553481 66779215 806
49955136 48206365 26812334 54086031 807
99174357 31013039 18501778 80146351 808
50714654 4608662 25858746 54142234 809
5441180 70917407 -14054466 97353620 810
57219500 30138194 -27918581 83737035 812
22300568 66684868 842581 61364408 813
44104476 46017851 34810500 54045141 814
33935943 58136221 247050 60285874 815
-4974798 66553974 8176943 81174513 817
46284858 32569885 -12158434 59473883 818
43581410 38569381 16264645 63882771 820
1454147 32188271 -40246551 88803318 821
50697865 29605223 72950484 82365801 822
20462646 35566394 75111524 68689400 823
367264 35218270 15620090 62227014 824
35792973 86047592 -6367345 96668622 825
-28407958 51217817 13982826 83465710 826
52965926 13452613 -33064923 94104873 827
2124533 43150095 -27133726 85982174 828
65206390 73968548 14058011 93577822 829
46587641 75933142 12544270 78437226 830
53987585 69830590 1011927 91267079 831
63041512 53910232 12601219 72811550 832
63353620 31675454 9983260 53506559 833
59955350 16081147 -19484912 84885206 834
-3855512 39052669 -11048175 71779040 835
78618900 34782062 -12600935 94462691 836
53786074 47572167 20883141 51353604 837
64689563 29524273 -7681086 70355639 838
73256813 36888174 -8723078 87328850 839
89365093 50075474 15940309 91961375 840
27112663 46037310 11376929 69035923 841
37713049 70296407 13976706 62493500 842
46612079 23054602 -11173456 56256862 843
84810872 48824524 14902827 87193319 844
70583115 23015243 18646296 50447488 845
44205490 28083364 15675030 69335363 846
82967695 47449024 29365959 88894879 847
59994618 12756373 12594166 56170322 848
49458470 35669859 56203345 70443842 849
43928381 32108754 -53553923 98051863 850
28148412 35034868 -43651462 75295647 851
29537798 31806579 26178606 50359435 852
62615922 47987373 -18134432 97198475 853
-20439814 28440222 22939527 50294008 854
-2582579 45317519 36677721 63052004 855
30385833 37078430 5469769 80503091 856
75370426 53938567 20814962 79236309 857
73767993 13225654 -17239260 99307567 858
45333147 75970517 -55030 89819430 859
-10590929 -999633 9696086 72782428 860
20577860 70349062 17641181 49953135 861
37283479 86935417 17082093 75597764 862
12644305 57964746 10336197 52807135 863
85657721 24059667 11700778 71423313 864
98408175 27969006 11058625 83779386 865
10610493 59206701 2842636 63576350 866
78022639 28893325 16028373 59348321 867
88757800 43386876 3268184 97337294 868
92141821 29969981 18334591 72237960 869
-36418755 49322789 13169319 90395271 870
-28343772 28133499 5654524 68645475 871
3440477 95084066 18008833 91457441 872
99926687 25506723 9834778 86111235 873
-65425408 28863728 18428948 93682868 874
-4273042 7827782 -12685389 80018498 875
29382265 -11873065 7975945 54805784 876
28445328 71431437 6033633 62303900 877
44821174 57447860 -20742946 91472872 878
43259949 30164922 84865929 87403021 879
28753856 65765282 -29187361 92167927 880
26443576 37163450 -53405070 85472879 881
380 -22371265 -5161449 98420347 882
38743123 28523529 15437064 71564932 883
61610906 -24206865 13374519 93969265 884
82259228 20210742 3148704 80425756 885
69151017 22651327 11017525 57008084 886
58790067 17774715 -8697173 71238497 887
-10470164 39470574 28067482 56482449 888
58546954 52444043 16533164 62918640 889
85056008 27971290 -11152777 92640909 890
34195001 46003712 -34430634 83090143 891
71230255 47560192 5875748 81375667 892
45358891 42872715 40453675 57797516 893
65541634 32699945 -26641728 93344021 894
68077505 62143983 15369645 83312587 895
8214232 78497497 -7788346 95894339 896
55866167 33418154 -3876468 61621618 897
43821987 90591166 10703600 92170278 898
35072969 75117047 47043959 86346642 899
62753722 62129373 15872172 77471757 900
84233161 13574511 -743610 92928207 901
45501414 43774933 -262750 58000125 902
75418283 40660134 538840 84000383 903
54439329 66927376 18230087 71597816 904
-6598109 13160384 11115334 53210256 905
30418428 68937390 -1018761 68835312 906
68947446 35859835 17658487 55609691 907
50976170 77771425 18259131 78949430 908
-6224079 2944499 9940475 64227365 909
118571437 25354139 17428849 97314365 910
34454507 28797716 -47747725 79460663 911
80668953 29811898 17502206 61439366 912
65326466 29559028 38085954 62083612 913
70828545 40138111 -13944591 93372249 914
52873172 33701747 -38379086 93414713 915
84483358 37435203 30851958 81882768 916
104271464 28795549 14082410 87445358 917
71723069 34382306 16429884 58136609 918
64272812 38868343 14643141 56958767 920
36367668 81878159 13221026 73485521 921
18290703 48008031 -8841562 56381978 922
71208586 73360265 22280249 95961318 923
31180793 30792948 64449970 55535939 924
32605700 29034237 -60934300 91035103 925
75716720 27550127 13789934 57937790 926
74295464 41624876 4363878 80017228 927
76433519 57924508 30925824 94396040 928
32756212 67765525 -12320570 81303496 929
28270866 66920119 12745440 50906337 930
66514465 33401538 17748077 50628908 931
36576331 29636536 16251209 55156686 932
2950073 33771479 -15591330 64235474 933
81527718 44469561 21763186 76872830 934
-17591695 39610478 17133248 57891727 935
94533104 29036806 4646529 87384288 936
84626733 33192856 10400364 75880187 937
61979461 62095885 8991455 83544610 938
-44128411 29007286 18321920 72636454 939
44876755 28052140 15202603 68600551 940
20099125 30750828 -22158493 50632832 941
41632232 54165834 31393440 56303751 942
47902753 -2848030 16598634 55678285 943
81612463 34016239 17659243 66430738 944
66464806 35322063 14965585 55281995 945
47104309 30161593 25526979 93963259 946
38914954 36507545 25567909 98482694 947
39506975 45719183 -34181594 87868472 948
45569983 84621207 26795478 86098836 949
85136039 37588191 3175798 88009259 950
78235679 57516129 14035770 90176750 951
73601042 33962345 18626436 57397688 952
80098964 37208731 52004814 98424728 953
-9985692 31743911 63471922 83675683 954
-14827687 43252403 31739749 68293990 955
6959176 47073705 -20778826 78716229 956
51261571 49355345 17564484 51513418 957
61075130 32610973 -30271079 92417922 958
34311077 40800020 83964570 88188138 959
62971383 22487233 10656745 51353879 960
53368586 34871319 5387644 51313027 961
25740351 42457417 -56499162 93157641 962
86792753 45979952 14578662 86654758 963
26240556 67406907 8784319 53323864 964
93138584 36000794 11058129 86542023 965
56378048 39392567 12678337 51553177 966
65441223 32704361 23432899 50690693 967
50731461 40063975 -4290527 63546826 968
-9023891 32474385 41661027 61633636 969
38420049 77528028 -12101427 96510211 970
6727773 -24777840 45177097 94766476 971
61906546 39291553 13705677 55953262 972
115165604 27938561 14371862 97193429 973
58328184 27526796 -7005217 61320954 974
68580993 31130000 -17010287 85181993 975
38146203 -10829658 30908161 62061862 976
89848498 33212683 7557997 83963950 977
31994800 52202097 -13035428 65693322 978
55236621 70786620 11848165 82635819 979
70992806 38265130 35292121 73662266 980
70907269 61898271 2703791 98562609 981
99792742 43460544 15968551 95745474 982
41427423 63581485 60999442 95120668 983
-17396734 31520260 15263791 51475892 984
42829634 -40652226 7107676 97900135 985
-10651678 29071320 4291000 53254751 987
84404158 22492791 -6173758 89611575 988
90816631 33698712 13196543 79779852 989
96075581 36626922 10853717 90309504 990
56725010 47667186 48736842 82241198 991
66331218 37285942 17671124 54406780 992
29247492 71147269 1212596 67642873 993
40338019 47406180 -5030499 61235412 994
56115403 52966490 -2105690 79648788 995
-4116545 68028847 5056572 84911512 996
91752310 48888585 16346886 92754838 997
64188859 12317136 18329237 55068431 998
8735100 29906220 11262984 66040055 999